5 3 0.785398 2 
5.29242 3.48452 1.26147 2.23183 
5.33468 4.11102 1.73754 2.46366 
5.0607 4.74422 2.21362 2.69548 
4.47918 5.22091 2.68969 2.92731 
3.62495 5.45018 3.05548 3.6608 
2.70603 5.75802 2.57955 3.58594 
2.08411 6.51525 1.94334 3.79638 
2.03073 7.54963 1.30713 4.00682 
2.63307 8.46003 0.670921 4.21725 
3.7109 8.85373 0.0347112 4.42769 
4.86542 8.5144 -0.601498 4.63813 
5.9274 8.03331 -0.240976 4.04482 
6.93179 7.96745 0.119545 3.4515 
7.895 8.31986 0.567135 4.20955 
8.75354 9.19874 1.01472 4.96759 

