5 3 0 3 
5.15222 3.00154 0.0201078 3.08908 
5.30882 3.00627 0.0402155 3.17815 
5.46975 3.01437 0.0603233 3.26723 
5.63493 3.02603 0.0804311 3.3563 
5.80427 3.0414 0.100539 3.44538 
5.97769 3.06066 0.120647 3.53445 
6.15423 3.09326 0.243915 3.65089 
6.33097 3.14907 0.367184 3.76733 
6.50479 3.22861 0.490453 3.88377 
6.67247 3.33197 0.613722 4.00021 
6.83071 3.4588 0.73699 4.11665 
6.97621 3.60829 0.860259 4.23309 
7.10575 3.77917 0.983528 4.34953 
7.21621 3.96971 1.1068 4.46597 
7.30468 4.17775 1.23007 4.58241 
7.37479 4.39562 1.28884 4.57372 
7.43188 4.6168 1.34761 4.56504 
7.47579 4.84054 1.40639 4.55636 
7.50245 5.07035 1.50369 4.70145 
7.5068 5.30892 1.60098 4.84653 
7.48738 5.554 1.69828 4.99162 
7.44297 5.80319 1.79557 5.13671 
7.37261 6.05386 1.89287 5.2818 
7.2756 6.30327 1.99017 5.42689 
7.15155 6.54855 2.08746 5.57198 
7.00038 6.78674 2.18476 5.71706 
6.82232 7.01484 2.28205 5.86215 
6.63449 7.23934 2.25293 5.84712 
6.45373 7.46864 2.2238 5.83209 
6.28018 7.70249 2.19467 5.81705 
6.11395 7.94068 2.16555 5.80202 
5.95513 8.18299 2.13642 5.78698 
5.80383 8.42918 2.10729 5.77195 
5.66014 8.67901 2.07816 5.75692 
5.52414 8.93227 2.04904 5.74188 
5.40412 9.19683 1.94473 5.88367 

