5 3 0 3 
5.1512 2.99683 -0.0418493 3.04973 
5.30461 2.98718 -0.0836985 3.09946 
5.45996 2.97085 -0.125548 3.14919 
5.61695 2.94768 -0.167397 3.19892 
5.77528 2.9175 -0.209246 3.24865 
5.932 2.89042 -0.132427 3.11447 
6.08365 2.87608 -0.0556082 2.98029 
6.22925 2.87353 0.0212108 2.8461 
6.36793 2.88177 0.0980299 2.71192 
6.49891 2.89971 0.174849 2.57774 
6.62158 2.92623 0.251668 2.44356 
6.73542 2.96016 0.328487 2.30938 
6.84299 2.99138 0.235428 2.17239 
6.94627 3.01118 0.142368 2.0354 
7.04412 3.02064 0.0493087 1.89842 
7.13558 3.02094 -0.0437508 1.76143 
7.21986 3.01337 -0.13681 1.62444 
7.29633 2.99924 -0.22987 1.48745 
7.36458 2.97994 -0.322929 1.35046 
7.43232 2.95899 -0.277503 1.48596 
7.5075 2.93944 -0.232077 1.62146 
7.59011 2.92191 -0.186651 1.75695 
7.68012 2.90705 -0.141225 1.89245 
7.77744 2.89549 -0.0957996 2.02795 
7.88193 2.88786 -0.0503736 2.16345 
7.99344 2.8848 -0.00494772 2.29894 
8.11175 2.88693 0.0404782 2.43444 
8.2366 2.89486 0.0859041 2.56994 
8.36769 2.90918 0.13133 2.70544 
8.50232 2.93111 0.191518 2.75152 
8.63822 2.96569 0.306093 2.86095 
8.77439 3.01753 0.420669 2.97038 
8.9086 3.08711 0.535244 3.07982 
9.03851 3.17463 0.649819 3.18925 
9.16172 3.27999 0.764394 3.29868 
9.2758 3.40274 0.878969 3.40812 
9.37834 3.54213 0.993545 3.51755 
9.46381 3.69248 1.11484 3.40465 
9.5283 3.84686 1.23614 3.29174 
9.58981 3.99949 1.13921 3.29328 
9.651 4.15121 1.23585 3.25269 
9.69669 4.30617 1.33249 3.21211 
9.72683 4.46282 1.42913 3.17152 
9.74153 4.61964 1.52576 3.13093 
9.74104 4.77511 1.6224 3.09035 
9.72742 4.93136 1.69274 3.18491 
9.70211 5.09094 1.76308 3.27948 
9.66458 5.25296 1.83342 3.37404 
9.61437 5.41645 1.90375 3.46861 
9.5511 5.58043 1.97409 3.56317 
9.47445 5.74383 2.04443 3.65774 
9.39199 5.90868 2.02483 3.71553 
9.31153 6.07773 2.00522 3.77332 
9.23322 6.25096 1.98562 3.83111 
9.15717 6.42834 1.96602 3.8889 
9.08353 6.60986 1.94642 3.94669 
9.01243 6.79549 1.92681 4.00448 
8.944 6.98519 1.90721 4.06227 
8.87838 7.17893 1.88761 4.12006 
8.80415 7.36974 1.9962 4.07361 
8.71075 7.54933 2.10478 4.02716 
8.59973 7.7158 2.21337 3.9807 
8.4728 7.86748 2.32195 3.93425 
8.33187 8.0029 2.43054 3.8878 
8.17892 8.12084 2.53913 3.84135 
8.01608 8.22029 2.64771 3.7949 
7.84552 8.30053 2.7563 3.74845 
7.66946 8.36105 2.86488 3.702 
7.49015 8.40163 2.97347 3.65555 
7.3115 8.44153 2.87021 3.6697 
7.13725 8.49987 2.76694 3.68385 
6.9693 8.57615 2.66368 3.69801 
6.80949 8.66969 2.56042 3.71216 
6.6596 8.77963 2.45715 3.72631 
6.51637 8.903 2.40424 3.83608 
6.3759 9.03756 2.35133 3.94585 
6.23898 9.18337 2.29842 4.05562 
6.10643 9.3404 2.24551 4.16539 
5.97905 9.50861 2.1926 4.27516 
5.85767 9.68785 2.13969 4.38494 
5.74311 9.87797 2.08678 4.49471 
5.63618 10.0787 2.03387 4.60448 
5.53769 10.2898 1.98096 4.71425 

