-1.5707 0 
-1.58637 -0.282093 
-1.63154 -0.531043 
-1.70091 -0.717734 
-1.78636 -0.820862 
-1.87803 -0.829817 
-1.9655 -0.745799 
-2.03912 -0.580732 
-2.09102 -0.35455 
-2.10823 0.0441666 
-2.08146 0.438389 
-2.01345 0.787355 
-1.91133 1.05234 
-1.77625 1.38033 
-1.61351 1.54953 
-1.44204 1.53719 
-1.28191 1.34602 
-1.1515 1.00307 
-1.07694 0.340639 
-1.07787 -0.357432 
-1.1542 -1.01809 
-1.2978 -1.56855 
-1.49274 -1.94123 
-1.71652 -2.08716 
-1.943 -1.99141 
-2.14661 -1.67785 
-2.30602 -1.19791 
-2.40627 -0.61205 
-2.43331 0.123537 
-2.37944 0.849425 
-2.24901 1.50485 
-2.05349 2.02078 
-1.8122 2.32571 
-1.55158 2.36623 
-1.30183 2.1302 
-1.09181 1.65314 
-0.94303 1.02924 
-0.869014 0.306046 
-0.876723 -0.445146 
-0.965449 -1.15537 
-1.12676 -1.75251 
-1.35859 -2.42301 
-1.64959 -2.8158 
-1.96598 -2.88139 
-2.27203 -2.63637 
-2.53724 -2.15366 
-2.74047 -1.52397 
-2.86987 -0.82104 
-2.92011 -0.0902018 
-2.8547 1.27645 
-2.64097 2.59509 
-2.28937 3.7585 
-1.84037 4.3343 
-1.35373 4.42664 
-0.885016 4.01995 
-0.469654 3.48558 
-0.125128 2.76065 
0.136021 1.98796 
0.313287 1.24228 
0.410929 0.539299 
0.408402 -0.585422 
0.283201 -1.69871 
0.0327544 -2.86223 
-0.346655 -4.02592 
-0.846771 -5.01723 
-1.43422 -5.56836 
-2.04836 -5.48989 
-2.62119 -4.85154 
-3.10514 -3.92415 
-3.48362 -2.96798 
-3.76223 -2.121 
-3.9597 -1.49274 
-4.07219 -0.568235 
-4.08668 0.302786 
-4.03381 0.665916 
-3.93792 1.09048 
-3.7678 2.02269 
-3.48789 3.0904 
-3.0836 4.27108 
-2.54967 5.40688 
-1.91653 6.01596 
-1.23618 6.23284 
-0.570225 5.78246 
0.0224582 4.96546 
0.493176 3.61511 
0.824902 2.45296 
1.04055 1.49902 
1.17768 1.01634 
1.26823 0.645438 
1.3269 0.431354 
1.36496 0.267361 
1.38686 0.134706 
1.39518 0.0179151 

