-1.5707 0 
-1.55504 0.281955 
-1.50989 0.530783 
-1.44056 0.717383 
-1.35514 0.820462 
-1.26352 0.829417 
-1.19266 0.446904 
-1.167 0.0153376 
-1.18935 -0.417896 
-1.25726 -0.805316 
-1.3632 -1.10244 
-1.49513 -1.27273 
-1.63895 -1.31627 
-1.78651 -1.34047 
-1.92819 -1.21096 
-2.04801 -0.947963 
-2.13309 -0.585532 
-2.15528 0.18539 
-2.09298 0.937863 
-1.95249 1.59371 
-1.74878 2.07496 
-1.50387 2.33396 
-1.24535 2.32077 
-0.995768 2.17663 
-0.774399 1.8175 
-0.601457 1.3072 
-0.490063 0.707797 
-0.447215 0.0678013 
-0.475277 -0.575787 
-0.572722 -1.18721 
-0.733634 -1.72093 
-0.946297 -2.11725 
-1.20872 -2.61262 
-1.51052 -2.82153 
-1.81733 -2.70195 
-2.10985 -2.56795 
-2.37275 -2.17511 
-2.55996 -1.20791 
-2.63554 -0.159216 
-2.59465 0.89907 
-2.43983 1.89964 
-2.18213 2.75177 
-1.84424 3.33693 
-1.46184 3.54729 
-1.07898 3.34824 
-0.737963 2.80381 
-0.483212 1.80198 
-0.345275 0.696124 
-0.33114 -0.439966 
-0.441412 -1.55762 
-0.670823 -2.59191 
-1.00454 -3.43129 
-1.41469 -3.95733 
-1.85838 -4.03026 
-2.28477 -3.65537 
-2.65059 -2.9551 
-2.92873 -2.085 
-3.10725 -1.157 
-3.18302 -0.220765 
-3.15584 0.715055 
-3.02571 1.6499 
-2.76902 3.00649 
-2.36927 4.2232 
-1.85278 5.08859 
-1.27067 5.39115 
-0.688633 5.10511 
-0.161535 4.43995 
0.284859 3.68155 
0.634 2.6945 
0.884448 1.89017 
1.05615 1.25722 
1.1658 0.753917 
1.22504 0.333104 
1.25723 0.25767 
1.2848 0.248315 
1.3129 0.267506 
1.33199 0.0829272 
1.34145 0.0906473 
1.35232 0.108948 
1.36286 0.0844503 
1.37126 0.0698554 
1.37852 0.0634664 
1.3855 0.064544 
1.393 0.0732256 
1.40192 0.0905463 
1.41331 0.118567 
1.42852 0.160625 
1.44307 0.106454 
1.4524 0.0649379 
1.45763 0.0311501 
1.45939 0.0010722 
1.45788 -0.028878 
1.45291 -0.0622675 
1.45116 0.0300472 
1.45965 0.125939 
1.47941 0.236839 
1.50257 0.188451 
1.52169 0.162598 
1.53682 0.115069 
1.54751 0.0813258 
1.55506 0.0573288 
1.55701 -0.0215317 

