-1.5707 0 
-1.57919 -0.152875 
-1.60367 -0.287785 
-1.64126 -0.388895 
-1.68755 -0.444424 
-1.73712 -0.448087 
-1.75954 0.0444323 
-1.72754 0.531808 
-1.64482 0.957339 
-1.52105 1.27068 
-1.37076 1.43515 
-1.2114 1.43468 
-1.06094 1.27645 
-0.935409 0.986872 
-0.847276 0.603212 
-0.813191 0.0120111 
-0.870307 -1.04287 
-1.03912 -2.00177 
-1.30318 -2.75565 
-1.606 -2.69602 
-1.8847 -2.3219 
-2.10726 -1.68832 
-2.26232 -1.10817 
-2.34733 -0.426155 
-2.35474 0.292352 
-2.28392 0.985991 
-2.14108 1.59051 
-1.93983 2.03638 
-1.69065 2.4508 
-1.41115 2.58064 
-1.13389 2.41291 
-0.889766 1.98847 
-0.703147 1.38068 
-0.589933 0.665546 
-0.558362 -0.0945923 
-0.610522 -0.848617 
-0.7657 -1.9552 
-1.0347 -2.89803 
-1.39245 -3.5463 
-1.79988 -3.78848 
-2.21008 -3.60301 
-2.58006 -3.07887 
-2.87086 -2.18748 
-3.05863 -1.2208 
-3.13891 -0.238282 
-3.11103 0.745078 
-2.97514 1.72335 
-2.73325 2.66259 
-2.3941 3.47079 
-1.97995 3.99859 
-1.51833 4.3131 
-1.0495 4.13054 
-0.625025 3.53084 
-0.28176 2.68361 
-0.0380241 1.7412 
0.100898 0.785566 
0.135091 -0.163105 
0.0494767 -1.39505 
-0.171995 -2.62955 
-0.503488 -3.37811 
-0.908014 -3.93002 
-1.35473 -4.11963 
-1.7971 -3.84409 
-2.18433 -3.13316 
-2.47525 -2.11856 
-2.64462 -0.944331 
-2.68098 0.286258 
-2.58222 1.5008 
-2.35268 2.64702 
-2.00812 3.56723 
-1.58185 4.10853 
-1.12184 4.17485 
-0.679524 3.80525 
-0.30154 3.0355 
-0.0127551 2.20726 
0.171127 1.13885 
0.238551 0.0895817 
0.19092 -0.95747 
0.027188 -2.02285 
-0.257773 -3.15269 
-0.662695 -4.17766 
-1.16562 -4.89537 
-1.72041 -5.09336 
-2.2647 -4.71396 
-2.74186 -3.91115 
-3.11837 -2.92063 
-3.38389 -1.91259 
-3.55125 -1.14004 
-3.63662 -0.418962 
-3.64427 0.279246 
-3.57462 0.99293 
-3.42406 1.75404 
-3.1867 2.5688 
-2.8342 3.83244 
-2.34887 4.94683 
-1.76117 5.64583 
-1.13035 5.71191 
-0.526532 5.18746 
-0.000468239 4.35327 
0.430911 3.50683 
0.777199 2.82475 
1.04159 2.01983 
1.22912 1.42036 
1.3599 0.980063 
1.44892 0.654248 
1.50667 0.406163 
1.54005 0.20664 
1.55304 0.0318707 
1.55421 -0.0103975 

