-1.5707 0 
-1.70383 -0.347108 
-1.78993 0.121191 
-1.62693 0.305292 
-1.59772 -0.229208 
-1.77109 -0.223731 
-1.29343 1.47134 
-1.44494 -1.87348 
-2.50072 -1.00242 
-2.18521 1.93473 
-1.15805 0.772361 
-1.6895 -2.17676 
-2.58064 -0.328057 
-1.93641 2.19144 
-1.16703 -0.170887 
-2.04561 -2.13692 
-1.91403 2.49972 
-0.39293 1.69457 
-0.537145 -2.16313 
-2.08292 -2.0084 
-1.86813 2.6002 
-0.363505 1.57537 
-0.577021 -2.26811 
-2.51419 -2.96734 
-2.8364 1.9121 
-0.709271 3.94292 
0.23399 -0.663308 
-1.90093 -5.85809 
-4.36952 -3.11919 
-6.05633 -4.13713 
-8.99251 -4.2571 
-9.57632 2.15176 
-6.88971 5.59074 
-4.67156 3.28231 
-1.59929 8.01633 
1.65221 3.96498 
4.67028 7.00048 
7.70616 3.87308 
10.6248 7.32067 
13.9391 4.13395 
16.5728 6.26069 
19.2784 1.92787 
18.6341 -4.38735 
15.3286 -5.17084 
13.3813 -3.31609 
9.93963 -7.35784 
7.19717 -4.07698 
4.08005 -5.82976 
2.53787 0.307868 
3.98668 4.8821 
6.37339 1.99333 
5.87558 -3.77244 
3.25533 -3.52599 
2.2693 -0.382482 

